Weight matrix for Hidden Layer: [9x10]

|0.0301    0.2527    0.7545    -0.6948   1.043     -0.6119   0.5716    -0.1176   0.6382    |

|0.0978    0.7553    -0.6855   -0.1767   -0.8721   1.2501    -0.321    -0.9516   -0.6912   |

|0.8278    0.362     0.7484    0.8441    0.7739    -0.4418   0.5189    0.3763    0.3221    |

|0.4673    -0.3829   0.1866    0.9198    -0.979    -0.521    0.0706    -0.2138   -0.9226   |

|-0.0409   0.5927    -0.1235   -0.6351   -0.692    -0.5727   -0.7265   0.575     0.044     |

|-0.1184   -0.3679   0.2073    -0.2117   -0.8069   -0.4203   0.0592    -0.5266   -0.1655   |

|-0.3128   0.3346    -0.7631   -0.7511   -0.0283   1.1359    -0.7085   -0.5184   0.1725    |

|-0.3444   0.1242    0.406     0.68      -1.1222   0.8063    0.561     0.5521    0.0771    |

|0.4735    -0.0739   -0.4332   -0.4275   0.6471    -0.6942   0.6633    0.9096    -0.0271   |

|0.543     -0.2169   -0.4604   -0.1004   0.8152    0.3399    -1.116    -0.5294   0.2612    |

--------------------------------------------------------------------------------------

Weight matrix for Output Layer: [10x1]

|2.1885    1.9742    2.7702    2.171     2.0029    1.698     1.204     2.0607    1.6922    2.7139    |

--------------------------------------------------------------------------------------

